R = [-0.272530832063004,-0.576981298497332,0.601609892932433;0.358696420893414,-0.276295425917600,-0.0153599494822459];
t = [-206.638828616963,-51.9930862559668,913.282249975110;-63.8538951119417,-122.742322371333,395.190102986202];